3 0.460155 0.429612 0.063618 0.221054
3 0.484598 0.446482 0.046877 0.201275
3 0.526117 0.461606 0.045537 0.194294
3 0.555917 0.449390 0.031474 0.197785
3 0.539384 0.658926 0.029538 0.164642
3 0.513743 0.646810 0.021743 0.140409
3 0.490359 0.652155 0.021743 0.143973
3 0.467385 0.661777 0.026666 0.166068
2 0.595028 0.431752 0.049265 0.212722
2 0.428084 0.336917 0.049318 0.162226
2 0.410494 0.471439 0.033208 0.107961
2 0.571436 0.672223 0.029591 0.205639
2 0.430879 0.665082 0.037811 0.186789
1 0.396012 0.391240 0.042592 0.085018
1 0.354779 0.399112 0.038967 0.091316
1 0.639557 0.465237 0.033077 0.111783
1 0.665837 0.452248 0.033983 0.112570
1 0.606245 0.660615 0.034958 0.168350
1 0.642889 0.662213 0.037718 0.192857
1 0.406770 0.662479 0.032811 0.177407
1 0.370432 0.652890 0.044771 0.185931
1 0.349402 0.463834 0.044887 0.105108
0 0.704993 0.414661 0.051360 0.169641
0 0.743513 0.402592 0.050763 0.148617
0 0.765610 0.349035 0.045985 0.085080
0 0.791140 0.549803 0.079130 0.125545
0 0.735898 0.583783 0.072561 0.153040
0 0.685583 0.626842 0.072860 0.177941
0 0.325166 0.632808 0.067485 0.169122
0 0.277091 0.595974 0.071068 0.158747
0 0.228717 0.562513 0.064499 0.135402
0 0.307442 0.423599 0.050742 0.153707
0 0.267369 0.411618 0.048660 0.149638
0 0.246552 0.337929 0.055946 0.092676