0 0.802824 0.602753 0.091419 0.111209
0 0.734012 0.648571 0.091915 0.170817
0 0.682837 0.685047 0.089928 0.172596
0 0.195437 0.586739 0.080985 0.102312
0 0.248350 0.641009 0.079494 0.177045
0 0.294805 0.669478 0.078998 0.180603
0 0.221770 0.452843 0.041238 0.144127
0 0.257294 0.469302 0.041735 0.127223
0 0.305239 0.482647 0.048193 0.137899
0 0.760344 0.451953 0.075023 0.153024
0 0.727801 0.488430 0.052665 0.117437
0 0.681098 0.493768 0.055646 0.158362
1 0.341756 0.487540 0.034779 0.142347
1 0.371567 0.491989 0.024842 0.151244
1 0.347719 0.677485 0.038754 0.171707
1 0.382000 0.676151 0.030804 0.160141
1 0.645077 0.492433 0.035276 0.177045
1 0.611789 0.493323 0.033288 0.180603
1 0.629178 0.694834 0.053162 0.161920
1 0.586450 0.712182 0.036269 0.182383
2 0.401377 0.492878 0.033785 0.169038
2 0.578749 0.495102 0.035772 0.191279
2 0.409575 0.691275 0.035276 0.186831
2 0.545709 0.720634 0.039250 0.204625
3 0.440379 0.675706 0.028320 0.146796
3 0.468699 0.682378 0.030307 0.137009
3 0.487827 0.677485 0.047697 0.200176
3 0.520619 0.691275 0.034779 0.161920
3 0.430939 0.491544 0.027326 0.171707
3 0.465221 0.493768 0.039250 0.170817
3 0.508446 0.493323 0.042231 0.189500
3 0.542231 0.504889 0.032295 0.159251