0 0.168636 0.432359 0.077438 0.169352
0 0.250126 0.449896 0.089144 0.140292
0 0.299200 0.452401 0.037819 0.153319
0 0.093448 0.609227 0.103551 0.154321
0 0.163683 0.641795 0.098149 0.161336
0 0.248325 0.660835 0.101750 0.165344
0 0.861390 0.440505 0.087385 0.137632
0 0.793259 0.452867 0.068131 0.154115
0 0.721055 0.454515 0.077758 0.150818
0 0.901380 0.613575 0.084423 0.127742
0 0.836212 0.637888 0.117008 0.154939
0 0.758824 0.663024 0.117748 0.160708
1 0.656257 0.456164 0.059244 0.157412
1 0.620710 0.449159 0.047395 0.159884
1 0.345224 0.470174 0.054801 0.137632
1 0.377438 0.478004 0.046655 0.156587
2 0.427055 0.475119 0.040730 0.142577
2 0.586275 0.463993 0.030363 0.151643
3 0.467786 0.483361 0.048136 0.144225
3 0.517403 0.477179 0.046655 0.149994
3 0.550358 0.482536 0.031103 0.129391
1 0.326710 0.670029 0.099234 0.158236
1 0.371514 0.692693 0.051098 0.170598
1 0.679584 0.672502 0.040730 0.133511
1 0.631078 0.688572 0.056282 0.162356
2 0.587015 0.706704 0.051098 0.210157
2 0.416317 0.705879 0.056282 0.221695
3 0.464083 0.685276 0.043693 0.165653
3 0.494446 0.677859 0.033325 0.175543
3 0.516292 0.674974 0.022217 0.149994
3 0.546655 0.680331 0.041471 0.175543