0 0.774565 0.607677 0.086216 0.133709
0 0.717530 0.651458 0.083563 0.166840
0 0.275507 0.641400 0.084226 0.160924
0 0.236046 0.451486 0.067646 0.157374
0 0.272191 0.470418 0.047087 0.173940
0 0.319610 0.483434 0.050403 0.178673
0 0.687354 0.478701 0.048414 0.164474
0 0.730794 0.460361 0.049077 0.165657
0 0.772244 0.450303 0.065657 0.143175
1 0.645572 0.477518 0.027191 0.159741
1 0.615397 0.480476 0.029181 0.160924
1 0.354759 0.482251 0.031834 0.192872
1 0.385930 0.482843 0.033160 0.177490
2 0.412789 0.484026 0.041782 0.189322
2 0.588537 0.473377 0.031170 0.191689
3 0.445949 0.482251 0.025865 0.159741
3 0.475462 0.484618 0.047750 0.155008
3 0.521554 0.483434 0.033823 0.157374
3 0.555046 0.471602 0.027854 0.171573
1 0.623355 0.673940 0.038466 0.171573
1 0.592185 0.684589 0.031834 0.173940
2 0.565325 0.679264 0.031170 0.179856
3 0.538797 0.669798 0.028518 0.156191
3 0.515585 0.662699 0.025865 0.151458
3 0.494363 0.675123 0.027191 0.164474
3 0.467835 0.669798 0.031170 0.160924
2 0.442633 0.680448 0.029844 0.165657
1 0.409805 0.702930 0.037139 0.208254
1 0.376645 0.686956 0.043771 0.166840