0 0.807897 0.182417 0.047238 0.241968
0 0.769289 0.291079 0.050569 0.358471
0 0.720537 0.331967 0.046936 0.319263
0 0.802295 0.670274 0.061470 0.238607
0 0.750666 0.671954 0.078731 0.336067
0 0.694949 0.725165 0.066618 0.301340
0 0.239389 0.263640 0.049819 0.293206
0 0.281929 0.369553 0.049495 0.347060
0 0.324469 0.394087 0.060171 0.326715
0 0.212701 0.720802 0.057906 0.283632
0 0.265593 0.731573 0.073111 0.343470
0 0.316058 0.761492 0.060818 0.345863
1 0.360344 0.780616 0.035732 0.376395
1 0.390776 0.776135 0.032401 0.398799
2 0.423177 0.778935 0.038457 0.420083
3 0.452095 0.726845 0.032703 0.329345
3 0.477229 0.711162 0.028464 0.322624
3 0.506147 0.693798 0.026950 0.310302
3 0.534308 0.713402 0.028767 0.347269
2 0.567315 0.767733 0.036034 0.442488
1 0.604409 0.734687 0.039971 0.369673
1 0.647711 0.754851 0.047844 0.421204
1 0.679076 0.291475 0.037468 0.372577
1 0.648119 0.287543 0.041986 0.404034
1 0.372688 0.358323 0.041720 0.341119
1 0.401254 0.350950 0.038265 0.334238
2 0.614105 0.288034 0.033482 0.381424
2 0.428625 0.303272 0.048895 0.406001
3 0.471142 0.278204 0.031888 0.444340
3 0.507812 0.300322 0.037734 0.409933
3 0.545945 0.289017 0.038531 0.405017
3 0.579427 0.294916 0.032685 0.383390