0 0.214798 0.389699 0.049867 0.249875
0 0.266512 0.364180 0.049867 0.243495
0 0.317487 0.362585 0.069075 0.274331
0 0.205378 0.630536 0.074616 0.191394
0 0.260786 0.650207 0.082742 0.247748
0 0.801012 0.586409 0.070553 0.181824
0 0.743388 0.607675 0.060949 0.256255
0 0.685764 0.622029 0.057255 0.278584
0 0.719378 0.332281 0.063165 0.241369
0 0.769245 0.335471 0.052083 0.256255
0 0.682255 0.337597 0.031028 0.105267
1 0.361628 0.348762 0.055408 0.263698
1 0.399121 0.340255 0.052822 0.265825
1 0.635527 0.314205 0.040263 0.298787
1 0.663416 0.339192 0.021424 0.089317
3 0.564975 0.284432 0.036569 0.320053
3 0.521757 0.295065 0.040263 0.296660
3 0.472813 0.291875 0.044326 0.326433
2 0.428672 0.302508 0.043957 0.311546
2 0.603760 0.438079 0.021055 0.040405
3 0.598035 0.297723 0.044326 0.250938
1 0.637190 0.639574 0.048020 0.269014
1 0.598589 0.656055 0.039524 0.282837
2 0.568669 0.655523 0.046173 0.326433
3 0.540595 0.627878 0.036569 0.281774
3 0.511045 0.616713 0.027704 0.255192
3 0.482602 0.620434 0.028443 0.252002
3 0.455637 0.627346 0.037308 0.284964
2 0.422577 0.667751 0.041371 0.353015
0 0.315086 0.656587 0.053930 0.101013
1 0.354795 0.648612 0.051345 0.246685
1 0.388409 0.669878 0.038785 0.297723