0 0.228831 0.426075 0.073253 0.177419
0 0.267137 0.444892 0.065188 0.220430
0 0.310484 0.473118 0.059140 0.206989
0 0.724126 0.492608 0.061156 0.208333
0 0.772513 0.485215 0.061156 0.185484
0 0.806452 0.460349 0.072581 0.143817
0 0.205981 0.610215 0.093414 0.155914
0 0.262433 0.688844 0.090726 0.192204
0 0.316532 0.728495 0.100806 0.196237
0 0.838038 0.651882 0.079301 0.169355
0 0.793683 0.705645 0.103495 0.190860
0 0.734879 0.754032 0.104167 0.185484
1 0.353831 0.494624 0.043683 0.212366
1 0.391801 0.508065 0.029570 0.212366
1 0.370632 0.760753 0.073253 0.198925
1 0.410282 0.772177 0.046371 0.178763
1 0.680108 0.772177 0.072581 0.200269
1 0.643481 0.782258 0.051747 0.177419
2 0.425403 0.524866 0.037634 0.248656
2 0.455309 0.780914 0.034274 0.212366
2 0.605175 0.793011 0.050403 0.223118
3 0.483535 0.800403 0.024866 0.176075
3 0.514113 0.811156 0.030914 0.189516
3 0.540659 0.809140 0.032930 0.180108
3 0.571573 0.812500 0.031586 0.186828
3 0.460013 0.551747 0.030242 0.211022
3 0.496976 0.556452 0.038306 0.215054
3 0.542339 0.549059 0.041667 0.229839
3 0.582997 0.537634 0.034274 0.236559
2 0.615255 0.524866 0.038306 0.232527
1 0.649194 0.517473 0.048387 0.215054