0 0.269489 0.606183 0.095430 0.209677
0 0.339382 0.634409 0.077957 0.233871
0 0.865927 0.547043 0.100134 0.174731
0 0.795699 0.605511 0.114247 0.240591
0 0.814852 0.364919 0.061156 0.194892
0 0.709677 0.390457 0.076613 0.243280
0 0.285954 0.408602 0.065188 0.204301
3 0.466398 0.387769 0.028226 0.227151
3 0.502016 0.392473 0.037634 0.236559
3 0.546707 0.396505 0.036962 0.231183
3 0.580981 0.387769 0.032930 0.235215
2 0.615591 0.372984 0.037634 0.251344
1 0.649194 0.377016 0.024194 0.229839
2 0.428427 0.381720 0.042339 0.260753
1 0.393817 0.391801 0.036290 0.208333
1 0.388441 0.647849 0.060484 0.239247
1 0.423387 0.643145 0.038978 0.219086
2 0.450605 0.650538 0.046371 0.182796
3 0.485887 0.659946 0.036290 0.220430
3 0.512097 0.648522 0.033602 0.200269
3 0.538642 0.634409 0.034274 0.193548
3 0.567540 0.640457 0.040995 0.192204
2 0.603831 0.644489 0.050403 0.221774
1 0.634745 0.631720 0.058468 0.223118
1 0.671035 0.647177 0.062500 0.248656