0 0.257728 0.539651 0.058468 0.205645
0 0.311492 0.549059 0.049059 0.211022
1 0.357863 0.562500 0.035618 0.211022
1 0.395161 0.546371 0.036290 0.208333
2 0.429435 0.538978 0.036290 0.212366
3 0.466062 0.533602 0.030242 0.209677
3 0.502688 0.543011 0.044355 0.196237
3 0.541331 0.547715 0.043683 0.176075
3 0.578965 0.552419 0.032930 0.174731
2 0.613911 0.545699 0.035618 0.198925
1 0.646169 0.559140 0.027554 0.169355
1 0.679099 0.551075 0.036962 0.193548
0 0.761425 0.551075 0.065860 0.206989
0 0.830981 0.694892 0.100134 0.190860
0 0.731519 0.771505 0.089382 0.193548
0 0.200605 0.716398 0.073253 0.177419
0 0.252352 0.756720 0.084005 0.177419
0 0.308468 0.782258 0.079301 0.185484
1 0.365927 0.797043 0.045027 0.196237
1 0.410282 0.786290 0.032930 0.193548
2 0.442540 0.783602 0.031586 0.204301
3 0.479167 0.780914 0.032258 0.215054
3 0.509073 0.764785 0.027554 0.196237
3 0.530578 0.778898 0.026210 0.170699
3 0.562164 0.790995 0.028898 0.208333
2 0.595766 0.786962 0.032930 0.208333
1 0.635417 0.777554 0.032930 0.189516