0 0.241935 0.386425 0.047043 0.145161
0 0.262097 0.463038 0.059140 0.217742
0 0.315524 0.501344 0.057124 0.184140
0 0.196237 0.706989 0.072581 0.133065
0 0.266465 0.714382 0.075941 0.190860
0 0.328965 0.765457 0.081317 0.206989
0 0.783602 0.389113 0.055108 0.115591
0 0.757056 0.465726 0.069220 0.198925
0 0.709005 0.483199 0.055108 0.215054
0 0.830309 0.672043 0.074597 0.133065
0 0.769825 0.700941 0.098790 0.198925
0 0.699933 0.751344 0.089382 0.211022
1 0.638105 0.762097 0.043683 0.211022
1 0.608199 0.773522 0.037634 0.206989
1 0.386761 0.771505 0.053091 0.197581
1 0.414651 0.776210 0.036290 0.209677
1 0.363575 0.514785 0.037634 0.176075
1 0.394825 0.508737 0.038306 0.193548
2 0.428091 0.488575 0.033602 0.241935
2 0.659946 0.500000 0.037634 0.186828
2 0.449261 0.782930 0.036962 0.215054
2 0.580645 0.772177 0.033602 0.217742
1 0.626008 0.497312 0.050403 0.184140
1 0.595766 0.493952 0.039651 0.212366
3 0.566868 0.516129 0.032930 0.221774
3 0.534946 0.533602 0.036290 0.224462
3 0.493616 0.525538 0.035618 0.237903
3 0.457325 0.502688 0.023522 0.189516
3 0.477487 0.782258 0.032930 0.200269
3 0.504704 0.768817 0.032258 0.197581
3 0.523185 0.764113 0.027554 0.190860
3 0.552419 0.758065 0.025538 0.197581