0 0.825269 0.452957 0.056452 0.176075
0 0.782930 0.478495 0.056452 0.186828
0 0.727151 0.497984 0.052419 0.180108
0 0.821573 0.670699 0.063844 0.232527
0 0.779234 0.716398 0.104167 0.219086
0 0.714382 0.753360 0.099462 0.209677
0 0.233199 0.654570 0.095430 0.176075
0 0.279906 0.700269 0.106855 0.181452
0 0.208333 0.428091 0.045699 0.190860
0 0.253696 0.444220 0.055780 0.215054
0 0.309140 0.466398 0.059140 0.205645
1 0.357527 0.479839 0.034946 0.178763
1 0.390793 0.487231 0.027554 0.166667
2 0.426075 0.481183 0.030914 0.213710
3 0.456653 0.493280 0.028898 0.202957
3 0.490591 0.491935 0.036290 0.229839
3 0.535954 0.508065 0.040995 0.197581
3 0.580309 0.524866 0.031586 0.188172
2 0.609879 0.514785 0.035618 0.194892
1 0.641465 0.521505 0.036962 0.154570
1 0.679099 0.514113 0.036962 0.174731
1 0.370968 0.747984 0.043011 0.212366
1 0.657258 0.762097 0.049731 0.192204
1 0.613911 0.766801 0.042339 0.206989
2 0.582661 0.766129 0.040323 0.224462
3 0.548051 0.740591 0.028898 0.189516
3 0.518817 0.733871 0.025538 0.176075
3 0.496304 0.730511 0.016801 0.201613
3 0.471102 0.735215 0.026882 0.202957
2 0.439180 0.752688 0.039651 0.186828
1 0.404906 0.739919 0.030242 0.201613