0 0.795363 0.418683 0.057124 0.225806
0 0.204973 0.368952 0.056452 0.223118
0 0.268481 0.387769 0.054435 0.228495
1 0.679435 0.680780 0.073925 0.247312
2 0.440860 0.675403 0.036290 0.233871
3 0.476142 0.649194 0.032930 0.178763
3 0.504032 0.646505 0.024194 0.176075
3 0.529570 0.651882 0.024194 0.170699
3 0.562500 0.659274 0.026882 0.182796
2 0.592406 0.684812 0.034274 0.247312
1 0.637433 0.721102 0.028898 0.096774
1 0.395497 0.694892 0.019489 0.122312
1 0.367608 0.651210 0.060484 0.220430
1 0.388441 0.401210 0.034946 0.204301
2 0.425739 0.389113 0.040995 0.252688
3 0.467406 0.403898 0.032930 0.212366
3 0.503360 0.420027 0.029570 0.212366
3 0.543347 0.414651 0.036962 0.223118
3 0.576277 0.382392 0.036962 0.174731
1 0.651210 0.417339 0.045699 0.215054
2 0.617272 0.394489 0.043683 0.263441