0 0.240927 0.465726 0.058468 0.196237
0 0.225134 0.692876 0.123656 0.201613
0 0.831989 0.665995 0.095430 0.174731
0 0.764449 0.704301 0.090726 0.208333
0 0.691532 0.706317 0.069892 0.204301
0 0.837030 0.464382 0.051747 0.166667
0 0.783938 0.466398 0.050403 0.186828
0 0.721102 0.466398 0.055108 0.194892
0 0.301411 0.719086 0.097446 0.229839
0 0.297379 0.466398 0.066532 0.200269
1 0.348454 0.457661 0.042339 0.217742
1 0.389785 0.450941 0.043011 0.190860
2 0.422043 0.455645 0.030914 0.227151
3 0.452621 0.465054 0.028898 0.192204
1 0.670699 0.454973 0.043011 0.185484
1 0.641801 0.441532 0.037634 0.182796
2 0.605511 0.436828 0.033602 0.216398
3 0.569220 0.451613 0.028226 0.205645
3 0.531586 0.440860 0.034946 0.219086
3 0.490255 0.444220 0.036962 0.206989
1 0.618280 0.702957 0.029570 0.202957
2 0.584677 0.697581 0.033602 0.251344
3 0.553427 0.679435 0.024866 0.201613
3 0.528226 0.670027 0.014785 0.166667
3 0.507728 0.666667 0.022177 0.168011
3 0.486223 0.670699 0.035618 0.184140
2 0.452621 0.686156 0.026210 0.212366
1 0.418683 0.707661 0.032258 0.212366
1 0.378696 0.704973 0.036962 0.198925