0 0.192204 0.552419 0.051075 0.186828
0 0.245296 0.555108 0.048387 0.176075
0 0.296707 0.526210 0.054435 0.206989
0 0.204301 0.737903 0.056452 0.157258
0 0.263441 0.764785 0.068548 0.186828
0 0.327285 0.768817 0.080645 0.216398
0 0.842742 0.735887 0.063172 0.163978
0 0.782594 0.754704 0.084005 0.182796
0 0.730511 0.770833 0.096774 0.223118
0 0.841398 0.532258 0.067204 0.168011
0 0.793011 0.537634 0.049731 0.170699
0 0.736895 0.531586 0.061156 0.180108
1 0.337702 0.530914 0.042339 0.178763
1 0.383065 0.760081 0.047043 0.193548
1 0.409274 0.760081 0.037634 0.220430
2 0.449597 0.748656 0.032258 0.240591
3 0.487231 0.750672 0.048387 0.220430
3 0.506384 0.743280 0.038306 0.213710
3 0.528898 0.735215 0.025538 0.197581
3 0.557796 0.737231 0.030914 0.204301
2 0.595094 0.762769 0.038306 0.244624
1 0.634073 0.761425 0.035618 0.217742
1 0.670363 0.758065 0.036962 0.205645
1 0.375672 0.525538 0.053763 0.170699
2 0.413978 0.510753 0.043011 0.189516
3 0.451613 0.511425 0.030914 0.174731
3 0.538978 0.510753 0.049731 0.186828
3 0.579973 0.480511 0.033602 0.231183
2 0.618280 0.484543 0.038978 0.231183
1 0.661290 0.497312 0.038978 0.216398
1 0.695565 0.516129 0.034946 0.197581
3 0.490591 0.508737 0.043011 0.198925