0 0.742608 0.467742 0.060484 0.197581
0 0.804099 0.698253 0.088038 0.204301
0 0.743952 0.745296 0.096774 0.236559
0 0.235215 0.716398 0.084677 0.197581
0 0.296707 0.755376 0.082661 0.224462
0 0.267809 0.476478 0.063844 0.196237
1 0.359879 0.754032 0.030242 0.208333
1 0.404570 0.743952 0.033602 0.215054
2 0.440860 0.753360 0.036290 0.271505
3 0.474462 0.740591 0.028226 0.240591
3 0.508065 0.720430 0.026882 0.221774
3 0.533938 0.725134 0.027554 0.215054
3 0.564852 0.740591 0.031586 0.224462
2 0.597446 0.740591 0.036290 0.235215
1 0.638105 0.741263 0.036962 0.206989
1 0.681452 0.759409 0.044355 0.235215
1 0.321237 0.466398 0.041667 0.194892
1 0.355175 0.480511 0.035618 0.209677
2 0.393481 0.484543 0.046371 0.217742
3 0.440188 0.469086 0.030914 0.224462
3 0.479503 0.476478 0.047715 0.228495
3 0.524530 0.461694 0.047715 0.212366
3 0.564180 0.471102 0.035618 0.196237
2 0.604839 0.460349 0.047043 0.244624
1 0.650874 0.463710 0.035618 0.205645
1 0.692876 0.469086 0.043011 0.200269