0 0.251008 0.486559 0.071909 0.178763
0 0.226478 0.790995 0.064516 0.180108
0 0.284946 0.796371 0.081989 0.212366
0 0.821237 0.821237 0.067204 0.184140
0 0.761425 0.819220 0.076613 0.233871
0 0.882392 0.768145 0.055108 0.131720
0 0.800403 0.506048 0.071237 0.182796
0 0.299059 0.545699 0.061828 0.186828
0 0.755040 0.572581 0.063844 0.189516
0 0.692204 0.631048 0.056452 0.080645
1 0.705981 0.517473 0.062500 0.178763
1 0.652218 0.544355 0.047715 0.229839
2 0.627352 0.523522 0.045027 0.233871
3 0.588038 0.550403 0.040323 0.209677
3 0.549059 0.548387 0.037634 0.213710
3 0.507392 0.536962 0.036290 0.201613
3 0.468078 0.535618 0.040995 0.204301
2 0.431452 0.520833 0.036290 0.228495
1 0.395833 0.528226 0.041667 0.205645
1 0.357191 0.508065 0.054435 0.159946
0 0.357191 0.616263 0.055780 0.080645
1 0.347110 0.817876 0.045027 0.223118
1 0.397513 0.807124 0.042339 0.239247
2 0.436156 0.820565 0.034946 0.263441
3 0.470094 0.791667 0.039651 0.229839
3 0.508065 0.789651 0.032258 0.193548
3 0.539651 0.795699 0.030914 0.197581
3 0.572245 0.815860 0.046371 0.219086
2 0.602823 0.829973 0.040323 0.266129
1 0.649530 0.823253 0.039651 0.223118
1 0.692540 0.829301 0.049059 0.240591