0 0.282594 0.464382 0.049059 0.204301
0 0.336694 0.472446 0.068548 0.206989
0 0.204637 0.676075 0.136425 0.138441
0 0.292675 0.718414 0.094758 0.236559
0 0.760081 0.718414 0.110215 0.220430
0 0.810148 0.661290 0.101478 0.170699
0 0.805780 0.478495 0.045699 0.194892
0 0.753360 0.495296 0.053763 0.185484
0 0.695565 0.501344 0.060484 0.197581
1 0.653226 0.471102 0.033602 0.220430
2 0.622984 0.477823 0.030914 0.244624
3 0.585349 0.495296 0.030914 0.212366
1 0.393481 0.454973 0.038306 0.258065
1 0.427083 0.455645 0.036962 0.278226
3 0.547715 0.497984 0.034946 0.225806
3 0.506384 0.493952 0.036962 0.212366
3 0.466398 0.488575 0.033602 0.220430
1 0.377688 0.739247 0.052419 0.243280
1 0.418011 0.742608 0.040323 0.247312
2 0.449597 0.758737 0.032258 0.241935
3 0.487567 0.738575 0.023522 0.196237
3 0.511761 0.723790 0.022177 0.169355
3 0.539315 0.736559 0.027554 0.186828
3 0.566868 0.727823 0.023522 0.196237
2 0.602151 0.772177 0.038978 0.252688
1 0.633401 0.756048 0.034274 0.223118
1 0.678763 0.752016 0.051075 0.225806