0 0.196909 0.475806 0.053763 0.146505
0 0.189180 0.732527 0.066532 0.143817
0 0.245296 0.766801 0.075269 0.193548
0 0.308804 0.769489 0.085349 0.190860
0 0.844758 0.719086 0.072581 0.170699
0 0.780914 0.764785 0.081989 0.200269
0 0.717406 0.765457 0.069220 0.198925
0 0.837030 0.512097 0.055780 0.165323
0 0.799395 0.540995 0.047715 0.196237
0 0.740927 0.547715 0.058468 0.193548
0 0.698925 0.534946 0.045699 0.178763
1 0.651210 0.528898 0.040323 0.185484
2 0.602151 0.500672 0.030914 0.190860
3 0.573589 0.522177 0.026210 0.190860
3 0.531922 0.522849 0.045027 0.194892
3 0.487567 0.533602 0.042339 0.181452
3 0.446909 0.537634 0.028226 0.178763
2 0.407930 0.549059 0.038978 0.180108
1 0.371304 0.546371 0.038306 0.193548
1 0.331653 0.549059 0.038306 0.201613
1 0.283938 0.553091 0.054435 0.188172
0 0.229167 0.546371 0.056452 0.215054
1 0.358871 0.795027 0.051075 0.241935
1 0.402218 0.782258 0.038306 0.227151
2 0.438508 0.767473 0.027554 0.235215
3 0.470094 0.762097 0.032930 0.213710
3 0.495968 0.755376 0.025538 0.211022
3 0.524866 0.761425 0.025538 0.217742
3 0.552419 0.749328 0.026882 0.206989
2 0.588374 0.764113 0.032930 0.244624
1 0.621976 0.759409 0.035618 0.235215
1 0.659274 0.772177 0.030914 0.233871