0 0.208669 0.382392 0.061156 0.196237
0 0.256048 0.400538 0.048387 0.221774
0 0.308468 0.393145 0.052419 0.255376
0 0.222446 0.635753 0.103495 0.192204
0 0.286626 0.688844 0.098790 0.233871
0 0.860551 0.601478 0.100134 0.215054
0 0.842070 0.381048 0.065860 0.190860
0 0.798387 0.397849 0.052419 0.224462
0 0.741935 0.393817 0.057796 0.262097
0 0.800403 0.674059 0.099462 0.239247
0 0.733871 0.696909 0.094086 0.231183
1 0.358871 0.708333 0.052419 0.262097
1 0.403898 0.710349 0.037634 0.247312
2 0.444220 0.759409 0.037634 0.240591
3 0.482863 0.725806 0.035618 0.213710
3 0.512769 0.702285 0.029570 0.182796
3 0.536962 0.705645 0.029570 0.202957
3 0.560820 0.717070 0.030242 0.231183
2 0.597110 0.746640 0.036962 0.301075
1 0.636089 0.737231 0.040995 0.252688
1 0.676075 0.714382 0.061828 0.223118
1 0.356519 0.404570 0.050403 0.256720
1 0.398185 0.414651 0.038306 0.252688
3 0.463374 0.441532 0.031586 0.252688
3 0.504032 0.442876 0.041667 0.263441
3 0.552083 0.437500 0.040995 0.271505
3 0.583333 0.435484 0.032258 0.251344
2 0.618280 0.423387 0.038978 0.275538
1 0.658266 0.423387 0.047715 0.256720
1 0.692204 0.401210 0.047043 0.271505