0 0.765939 0.645440 0.058409 0.105346
0 0.706423 0.673349 0.078321 0.159591
0 0.654799 0.720181 0.083918 0.192226
0 0.691364 0.427050 0.074927 0.111821
0 0.673681 0.499734 0.053947 0.138978
0 0.632321 0.510383 0.050950 0.144302
0 0.319351 0.424286 0.054945 0.101905
0 0.340525 0.486429 0.048512 0.161429
0 0.377111 0.505476 0.039668 0.160476
0 0.260580 0.640292 0.044851 0.090909
0 0.307168 0.670875 0.083701 0.164422
0 0.357231 0.718575 0.086544 0.189113
1 0.598861 0.519193 0.038779 0.187992
1 0.567291 0.526949 0.025838 0.193201
1 0.416968 0.526083 0.038410 0.168963
1 0.447161 0.541831 0.024191 0.174213
1 0.402195 0.737861 0.056137 0.175853
1 0.427679 0.752789 0.036933 0.168963
1 0.581774 0.756553 0.039448 0.183191
1 0.615208 0.732194 0.055002 0.169801
3 0.479511 0.759928 0.021674 0.138387
3 0.496783 0.742178 0.021674 0.164260
3 0.513208 0.751504 0.017949 0.135981
3 0.531665 0.754513 0.018288 0.134777
2 0.469182 0.535499 0.021336 0.173285
3 0.492719 0.542419 0.029125 0.149819
3 0.491195 0.638087 0.036914 0.028279
3 0.522521 0.633875 0.025061 0.031889
3 0.521172 0.550790 0.024395 0.138884
2 0.455196 0.747512 0.033136 0.178275
2 0.552738 0.746269 0.028469 0.192371
2 0.548771 0.538972 0.019602 0.152570