0 0.140121 0.458333 0.055780 0.208333
0 0.149866 0.720430 0.095430 0.194892
0 0.230847 0.747984 0.075941 0.223118
0 0.187836 0.512769 0.053091 0.209677
0 0.246976 0.500000 0.065188 0.181452
0 0.774866 0.738575 0.067204 0.217742
0 0.847110 0.733199 0.069220 0.206989
0 0.914315 0.730511 0.062500 0.177419
0 0.884409 0.425403 0.057796 0.145161
0 0.853831 0.518145 0.059812 0.180108
0 0.792675 0.507392 0.058468 0.174731
1 0.294019 0.747312 0.039651 0.237903
1 0.346438 0.739919 0.049059 0.252688
2 0.402218 0.700269 0.046371 0.254032
3 0.445901 0.684812 0.035618 0.236559
3 0.483535 0.674731 0.039651 0.232527
3 0.529570 0.661290 0.038978 0.205645
3 0.575605 0.661962 0.043683 0.217742
2 0.621640 0.688844 0.045699 0.244624
1 0.668683 0.710349 0.045699 0.244624
1 0.713710 0.735887 0.037634 0.241935
1 0.295699 0.463038 0.055108 0.188172
1 0.335013 0.444220 0.057124 0.177419
3 0.381048 0.414651 0.056452 0.204301
2 0.433468 0.420699 0.040323 0.173387
3 0.485887 0.403898 0.055108 0.198925
3 0.548051 0.411962 0.057124 0.198925
3 0.607863 0.415995 0.057124 0.198925
2 0.664651 0.434140 0.075269 0.229839
1 0.705645 0.456989 0.057796 0.227151
1 0.742272 0.483871 0.049059 0.194892