0 0.205309 0.416667 0.058468 0.176075
0 0.207997 0.622312 0.089382 0.192204
0 0.263105 0.680780 0.104167 0.220430
0 0.832325 0.640457 0.102823 0.215054
0 0.773858 0.702957 0.096102 0.221774
0 0.702285 0.709005 0.063172 0.215054
0 0.783602 0.450941 0.053763 0.206989
0 0.726478 0.441532 0.055108 0.201613
0 0.261761 0.429435 0.057124 0.198925
0 0.318548 0.435484 0.065860 0.219086
1 0.363911 0.418683 0.035618 0.217742
1 0.401210 0.416667 0.032258 0.224462
2 0.435148 0.415323 0.035618 0.212366
3 0.467406 0.419355 0.026210 0.221774
3 0.501344 0.414651 0.036290 0.244624
3 0.539987 0.415995 0.034274 0.255376
3 0.572917 0.418011 0.034274 0.240591
2 0.606855 0.422043 0.034946 0.229839
1 0.647513 0.420027 0.040995 0.223118
1 0.683468 0.434812 0.028226 0.215054
1 0.645833 0.701613 0.041667 0.221774
1 0.614583 0.694892 0.036962 0.213710
2 0.580981 0.684812 0.031586 0.217742
3 0.551411 0.668011 0.024866 0.192204
3 0.526210 0.653898 0.026882 0.172043
3 0.497648 0.657258 0.024866 0.189516
3 0.471438 0.659946 0.026210 0.194892
2 0.443548 0.682124 0.029570 0.247312
1 0.408266 0.687500 0.034274 0.209677
1 0.375000 0.698925 0.043011 0.219086