0 0.246976 0.454301 0.058468 0.208333
0 0.300067 0.494624 0.061156 0.197581
0 0.247312 0.674731 0.098118 0.178763
0 0.305444 0.726478 0.110887 0.193548
0 0.786626 0.444892 0.053091 0.189516
0 0.729839 0.487231 0.067204 0.190860
0 0.740255 0.717742 0.118952 0.189516
0 0.796035 0.657930 0.104167 0.172043
1 0.368616 0.759409 0.063844 0.168011
1 0.402554 0.786290 0.073925 0.173387
2 0.449261 0.796371 0.062500 0.169355
3 0.499328 0.815188 0.037634 0.190860
3 0.535954 0.797715 0.038306 0.169355
3 0.588038 0.790323 0.065860 0.176075
3 0.630376 0.788978 0.080645 0.173387
1 0.666331 0.749328 0.073253 0.190860
1 0.354839 0.521505 0.047043 0.189516
3 0.401546 0.522177 0.053091 0.215054
3 0.437500 0.555780 0.045699 0.212366
3 0.532930 0.588038 0.051075 0.212366
2 0.585013 0.567204 0.043683 0.186828
1 0.615591 0.532930 0.061828 0.215054
1 0.666667 0.495296 0.049731 0.206989
3 0.477823 0.577957 0.044355 0.240591