0 0.245632 0.483871 0.058468 0.219086
0 0.304435 0.503360 0.059140 0.201613
1 0.354839 0.508065 0.041667 0.219086
1 0.391465 0.488575 0.032930 0.193548
2 0.429099 0.502688 0.042339 0.245968
3 0.468750 0.510081 0.036962 0.236559
3 0.507056 0.508737 0.039651 0.233871
3 0.549731 0.514113 0.043011 0.225806
3 0.588038 0.512769 0.033602 0.185484
2 0.623656 0.489919 0.034946 0.217742
1 0.657594 0.504032 0.043683 0.184140
1 0.698925 0.488575 0.040323 0.193548
0 0.747312 0.477151 0.055108 0.219086
0 0.807796 0.469758 0.051075 0.204301
0 0.255040 0.761425 0.086694 0.241935
0 0.313508 0.772849 0.093414 0.235215
1 0.372984 0.782930 0.060484 0.239247
1 0.413978 0.783602 0.033602 0.227151
2 0.453293 0.787634 0.031586 0.251344
3 0.482191 0.772177 0.028898 0.225806
3 0.507392 0.772177 0.026882 0.212366
3 0.529906 0.762769 0.023522 0.196237
3 0.554772 0.767473 0.028898 0.229839
2 0.590054 0.762097 0.044355 0.243280
1 0.628696 0.758737 0.036962 0.220430
1 0.665659 0.754032 0.053091 0.235215
0 0.724126 0.743280 0.086694 0.227151
0 0.779906 0.725806 0.069220 0.213710