0 0.265793 0.483199 0.045027 0.182796
0 0.317876 0.478495 0.056452 0.213710
0 0.211694 0.647849 0.091398 0.184140
0 0.271841 0.700269 0.074597 0.189516
0 0.329301 0.731183 0.084677 0.213710
0 0.840390 0.661290 0.090726 0.178763
0 0.770833 0.696237 0.080645 0.189516
0 0.705981 0.725806 0.084005 0.208333
1 0.365591 0.488575 0.038978 0.196237
1 0.395833 0.493280 0.032258 0.208333
2 0.420699 0.495296 0.033602 0.223118
3 0.451613 0.499328 0.025538 0.217742
3 0.486895 0.508737 0.039651 0.212366
3 0.530578 0.510081 0.038306 0.190860
3 0.565860 0.491263 0.029570 0.212366
2 0.597110 0.489247 0.036962 0.221774
1 0.630376 0.503360 0.029570 0.196237
1 0.662634 0.477151 0.034946 0.219086
0 0.707325 0.473118 0.063844 0.216398
0 0.767473 0.478495 0.048387 0.208333
0 0.811492 0.480511 0.047715 0.193548
1 0.381048 0.735215 0.052419 0.208333
1 0.413978 0.743952 0.033602 0.212366
2 0.447581 0.735887 0.028226 0.225806
3 0.476142 0.729167 0.022177 0.190860
3 0.503696 0.722446 0.022177 0.172043
3 0.527890 0.730511 0.027554 0.190860
3 0.552755 0.726478 0.024866 0.198925
2 0.580309 0.746640 0.031586 0.233871
1 0.611559 0.736559 0.034946 0.221774
1 0.654570 0.730511 0.052419 0.223118