0 0.182124 0.409274 0.055108 0.209677
0 0.230511 0.426747 0.056452 0.255376
0 0.289651 0.452285 0.057796 0.212366
1 0.337702 0.415995 0.028898 0.266129
1 0.376008 0.415995 0.039651 0.241935
2 0.413642 0.432796 0.038306 0.221774
3 0.454637 0.438172 0.035618 0.192204
3 0.497648 0.436156 0.040995 0.228495
3 0.543347 0.445565 0.046371 0.223118
3 0.583669 0.450269 0.032930 0.197581
2 0.624664 0.438172 0.040995 0.229839
1 0.663642 0.434812 0.036962 0.198925
1 0.700269 0.430780 0.034946 0.212366
0 0.755712 0.426075 0.066532 0.213710
0 0.816532 0.399866 0.056452 0.217742
0 0.861895 0.383737 0.057124 0.190860
0 0.827285 0.637769 0.112903 0.241935
1 0.703293 0.705645 0.063844 0.251344
2 0.608199 0.702957 0.049731 0.278226
3 0.568212 0.679435 0.032930 0.209677
3 0.538306 0.670027 0.024194 0.182796
3 0.510417 0.668011 0.027554 0.165323
3 0.479167 0.672715 0.029570 0.212366
2 0.434476 0.703629 0.054435 0.276882
1 0.396169 0.702285 0.045027 0.231183