0 0.236895 0.370296 0.054435 0.209677
0 0.194892 0.565188 0.088710 0.193548
0 0.243616 0.632392 0.097446 0.212366
0 0.310484 0.659274 0.083333 0.169355
0 0.852151 0.551747 0.088710 0.177419
0 0.801075 0.624328 0.100806 0.212366
0 0.736895 0.663978 0.097446 0.219086
1 0.683468 0.704301 0.063172 0.237903
1 0.639449 0.699597 0.061156 0.209677
2 0.601815 0.725134 0.055780 0.223118
3 0.556452 0.703629 0.043011 0.209677
3 0.518145 0.711022 0.043011 0.202957
3 0.491599 0.728495 0.047715 0.181452
2 0.439180 0.747984 0.069220 0.252688
1 0.399866 0.715726 0.056452 0.223118
1 0.360215 0.709005 0.069892 0.228495
0 0.300403 0.428763 0.057796 0.213710
1 0.373656 0.439516 0.040323 0.224462
2 0.412634 0.433468 0.034946 0.258065
3 0.456653 0.444892 0.038306 0.243280
3 0.501008 0.456317 0.050403 0.241935
3 0.551411 0.440860 0.049059 0.243280
0 0.816532 0.381048 0.055108 0.190860
3 0.600806 0.450269 0.040323 0.221774
2 0.639785 0.448253 0.036290 0.212366
1 0.681452 0.455645 0.036290 0.200269