0 0.204973 0.478495 0.053763 0.194892
0 0.214046 0.703629 0.084005 0.198925
0 0.269825 0.739919 0.101478 0.239247
0 0.262769 0.480511 0.057796 0.215054
0 0.884073 0.401882 0.057124 0.151882
0 0.846438 0.473118 0.059812 0.192204
0 0.888777 0.704301 0.077285 0.162634
0 0.823589 0.711022 0.075941 0.227151
0 0.762769 0.754704 0.087366 0.228495
0 0.784274 0.487231 0.060484 0.198925
1 0.336694 0.754704 0.056452 0.250000
1 0.379704 0.761425 0.045699 0.239247
2 0.420027 0.737903 0.044355 0.256720
3 0.460013 0.744624 0.030242 0.237903
3 0.493280 0.727823 0.030914 0.236559
3 0.528226 0.736559 0.030914 0.216398
3 0.567204 0.734543 0.033602 0.228495
2 0.606183 0.757392 0.040323 0.236559
1 0.659946 0.759409 0.056452 0.216398
1 0.703293 0.771505 0.065188 0.267473
1 0.737231 0.482527 0.041667 0.216398
1 0.695565 0.491935 0.037634 0.211022
2 0.654570 0.483871 0.045699 0.248656
3 0.607191 0.496640 0.042339 0.204301
3 0.562836 0.500000 0.043683 0.208333
3 0.503696 0.497984 0.050403 0.196237
3 0.450605 0.499328 0.049059 0.180108
2 0.399530 0.499328 0.049059 0.188172
1 0.359543 0.487903 0.034946 0.181452
1 0.317204 0.477823 0.043011 0.209677