0 0.217742 0.424731 0.053763 0.205645
0 0.209677 0.647177 0.088710 0.204301
0 0.277890 0.668011 0.086694 0.227151
0 0.277554 0.440860 0.064516 0.197581
0 0.829973 0.427419 0.052419 0.216398
0 0.831653 0.653226 0.084005 0.208333
0 0.771505 0.669355 0.090054 0.202957
1 0.713710 0.692876 0.061828 0.233871
1 0.668683 0.694892 0.056452 0.200269
2 0.622984 0.723790 0.053763 0.258065
3 0.577621 0.693548 0.032930 0.181452
3 0.540659 0.692204 0.032930 0.181452
3 0.502688 0.692204 0.040323 0.200269
3 0.464382 0.696909 0.036290 0.212366
2 0.414987 0.709005 0.062500 0.244624
1 0.376680 0.696909 0.047715 0.220430
1 0.334341 0.676747 0.055780 0.204301
0 0.772849 0.443548 0.057796 0.202957
1 0.721102 0.448253 0.048387 0.217742
1 0.678763 0.446909 0.034946 0.231183
2 0.641129 0.453629 0.038978 0.220430
3 0.597446 0.458333 0.040323 0.224462
3 0.548387 0.465726 0.051075 0.217742
3 0.492944 0.471102 0.049059 0.196237
3 0.446237 0.455645 0.032258 0.205645
2 0.405242 0.434140 0.045699 0.240591
1 0.362567 0.443548 0.036962 0.243280
1 0.325605 0.439516 0.036962 0.235215