0 0.278621 0.584378 0.084783 0.208936
0 0.282322 0.356959 0.049121 0.191257
0 0.738537 0.610897 0.086802 0.223401
0 0.728108 0.373835 0.048448 0.189650
1 0.663174 0.397139 0.032971 0.165542
1 0.630876 0.389907 0.034317 0.186435
2 0.598578 0.375442 0.027588 0.218579
3 0.564933 0.393121 0.027588 0.186435
3 0.526242 0.389907 0.037682 0.186435
3 0.482505 0.381067 0.040373 0.216972
3 0.445833 0.379460 0.028934 0.213758
2 0.409834 0.395532 0.029607 0.207329
1 0.381909 0.397943 0.030280 0.167149
1 0.356676 0.404372 0.029607 0.138219
1 0.384264 0.632594 0.037682 0.205722
1 0.409161 0.633398 0.029607 0.200900
2 0.446842 0.643041 0.025570 0.255545
3 0.475103 0.636612 0.022878 0.223401
3 0.500336 0.638219 0.019514 0.216972
3 0.527588 0.635808 0.021532 0.212150
3 0.552821 0.642237 0.023551 0.237866
2 0.584111 0.651077 0.030953 0.245902
1 0.615736 0.634201 0.024224 0.212150
1 0.644334 0.624558 0.031626 0.205722