0 0.234757 0.327614 0.057749 0.196078
0 0.229049 0.532680 0.059764 0.197712
0 0.265982 0.582516 0.079909 0.212418
0 0.318695 0.612745 0.059092 0.220588
1 0.362678 0.640523 0.038276 0.256536
1 0.398939 0.621732 0.028875 0.205882
2 0.428485 0.637255 0.027532 0.269608
3 0.462060 0.617647 0.024846 0.243464
3 0.496642 0.613562 0.028203 0.232026
3 0.527196 0.598856 0.030218 0.209150
3 0.560435 0.607843 0.044319 0.214052
2 0.588302 0.607843 0.043648 0.276144
1 0.632622 0.593954 0.031561 0.228758
1 0.669890 0.602124 0.041633 0.245098
0 0.758528 0.556373 0.083266 0.235294
0 0.798482 0.510621 0.067822 0.209150
0 0.803519 0.285948 0.042976 0.200980
0 0.762893 0.326797 0.042305 0.207516
0 0.717566 0.354575 0.047005 0.204248
1 0.675598 0.339869 0.030218 0.217320
1 0.645716 0.347222 0.028203 0.209150
2 0.615163 0.352941 0.030218 0.227124
3 0.562785 0.364379 0.032904 0.197712
3 0.525517 0.381536 0.036261 0.189542
3 0.480862 0.369281 0.053049 0.223856
3 0.449637 0.375000 0.030889 0.232026
2 0.405318 0.370915 0.030889 0.259804
1 0.378122 0.375000 0.027532 0.225490
1 0.351262 0.376634 0.028875 0.215686
0 0.316344 0.386438 0.044991 0.196078
0 0.272697 0.373366 0.036933 0.169935