0 0.251940 0.412063 0.042269 0.140704
0 0.290104 0.430543 0.040748 0.138759
0 0.334045 0.435730 0.046526 0.163399
0 0.299074 0.597832 0.072678 0.172476
0 0.345296 0.624741 0.065988 0.151079
0 0.704429 0.427301 0.044093 0.134869
0 0.657295 0.434109 0.046526 0.175718
0 0.615330 0.445456 0.031930 0.175070
0 0.702452 0.582270 0.070549 0.156915
0 0.662616 0.633818 0.065076 0.177015
0 0.624605 0.668508 0.071766 0.171180
1 0.561187 0.438749 0.026780 0.195160
1 0.585764 0.447784 0.028475 0.165525
1 0.581866 0.684144 0.034916 0.178535
1 0.556780 0.687758 0.026102 0.161188
1 0.371185 0.446700 0.032543 0.180704
1 0.397795 0.459710 0.029492 0.151791
2 0.421016 0.436942 0.030509 0.211785
2 0.536780 0.702215 0.017288 0.185763
3 0.521865 0.686313 0.019322 0.153960
3 0.506271 0.680169 0.016610 0.132998
3 0.492542 0.680169 0.013560 0.122879
3 0.478644 0.675832 0.016949 0.140226
2 0.460169 0.682699 0.017288 0.178535
1 0.443728 0.680169 0.025085 0.186486
1 0.423728 0.679807 0.029153 0.181427
3 0.448304 0.462963 0.020000 0.172753
3 0.477118 0.468384 0.024746 0.173476
3 0.502373 0.466938 0.030509 0.172030
3 0.532373 0.465131 0.022712 0.152514