0 0.736969 0.364202 0.059904 0.097327
0 0.722363 0.453638 0.055837 0.164404
0 0.682981 0.481587 0.049550 0.166377
0 0.766921 0.596670 0.045853 0.113768
0 0.724951 0.638429 0.074326 0.172296
0 0.675956 0.677886 0.082091 0.173611
0 0.264022 0.368148 0.058425 0.105219
0 0.283435 0.447719 0.057316 0.153883
0 0.321707 0.474682 0.047332 0.155198
0 0.226674 0.589436 0.060644 0.115083
0 0.275670 0.631852 0.079502 0.170981
0 0.326700 0.678543 0.079502 0.181503
1 0.376250 0.704190 0.060274 0.192024
1 0.408421 0.703533 0.042525 0.194655
1 0.626590 0.709122 0.057316 0.212411
1 0.589427 0.702875 0.036978 0.197285
1 0.645449 0.482902 0.040306 0.187421
1 0.612908 0.482573 0.032171 0.194655
1 0.360349 0.477641 0.038087 0.182160
1 0.386049 0.488163 0.031061 0.175584
2 0.417665 0.484546 0.034389 0.189394
2 0.436894 0.719973 0.036608 0.213068
2 0.561509 0.707478 0.029952 0.189394
2 0.586469 0.474353 0.034020 0.212411
3 0.450390 0.491451 0.033280 0.188736
3 0.480343 0.485861 0.036978 0.202546
3 0.518615 0.490465 0.033650 0.202546
3 0.553004 0.488492 0.029952 0.195970
3 0.464442 0.699916 0.022926 0.176899
3 0.488847 0.696299 0.025145 0.156513
3 0.509000 0.700902 0.021077 0.168350
3 0.531187 0.698929 0.026254 0.174926