0 0.780801 0.408440 0.053879 0.209883
0 0.736126 0.425344 0.045348 0.229603
0 0.686288 0.422526 0.048940 0.277496
0 0.674838 0.726786 0.063757 0.302851
0 0.726024 0.695092 0.070941 0.301442
0 0.782148 0.628888 0.065553 0.264819
0 0.233256 0.392450 0.055542 0.297437
0 0.287374 0.411599 0.049845 0.305096
0 0.200868 0.633442 0.069097 0.255991
0 0.253125 0.709150 0.061111 0.300654
0 0.305729 0.744009 0.075347 0.326797
1 0.627797 0.735264 0.037616 0.284435
1 0.599103 0.751150 0.034240 0.298051
1 0.646364 0.419814 0.027488 0.285948
1 0.613329 0.428891 0.031829 0.295025
2 0.583189 0.399389 0.034240 0.384290
3 0.550154 0.406197 0.032793 0.328310
3 0.510851 0.398632 0.037133 0.334362
3 0.467689 0.396363 0.043403 0.332849
3 0.432002 0.401658 0.033758 0.319233
2 0.396557 0.412249 0.036169 0.361595
1 0.359664 0.437213 0.032793 0.278383
1 0.327112 0.436456 0.033275 0.270818
2 0.565345 0.772331 0.029417 0.370673
3 0.535446 0.767036 0.028453 0.338901
3 0.510127 0.751150 0.027971 0.322259
3 0.484327 0.748880 0.024595 0.299564
3 0.457079 0.757202 0.028935 0.337388
2 0.425251 0.770818 0.031829 0.373699
1 0.391011 0.757958 0.031829 0.311668
1 0.358218 0.750393 0.034722 0.287461