3 0.455964 0.470734 0.034498 0.167745
3 0.482345 0.456101 0.037745 0.192728
3 0.519278 0.469306 0.043427 0.189159
3 0.558647 0.485724 0.032875 0.162034
3 0.450485 0.684519 0.030845 0.205576
3 0.477272 0.672027 0.025975 0.176310
3 0.503856 0.662748 0.023946 0.152041
3 0.527396 0.665960 0.022322 0.145617
3 0.552153 0.677024 0.032063 0.164889
2 0.589975 0.474729 0.045504 0.214628
2 0.577694 0.696860 0.034387 0.185981
2 0.425150 0.685037 0.042660 0.195985
2 0.420109 0.462224 0.042919 0.182343
1 0.607205 0.696872 0.028493 0.192305
1 0.390480 0.684970 0.035973 0.201075
1 0.618780 0.489846 0.035260 0.184162
1 0.392261 0.464790 0.030986 0.181656
1 0.642643 0.489220 0.042383 0.197943
1 0.637479 0.708147 0.041315 0.202328
1 0.369288 0.473246 0.040603 0.177272
0 0.331000 0.478258 0.055918 0.167249
0 0.280781 0.465103 0.045233 0.188547
0 0.246768 0.430964 0.059123 0.130292
0 0.339726 0.678393 0.077644 0.174140
0 0.284699 0.669310 0.073726 0.172260
0 0.226645 0.638303 0.073726 0.097719
0 0.686986 0.700943 0.071233 0.177898
0 0.742013 0.674948 0.080849 0.164744
0 0.796506 0.655842 0.068740 0.119016
0 0.771931 0.488593 0.061616 0.149084
0 0.728835 0.499242 0.045233 0.162864
0 0.681465 0.503314 0.055205 0.165996