0 0.706717 0.724922 0.083962 0.361061
0 0.805176 0.645669 0.052548 0.259450
0 0.757394 0.695312 0.072777 0.322501
0 0.756115 0.350707 0.048363 0.286990
0 0.708217 0.352157 0.059524 0.286990
1 0.650541 0.719572 0.053753 0.325716
1 0.609976 0.718011 0.034722 0.337163
2 0.577257 0.715930 0.032051 0.347569
3 0.546040 0.683670 0.031050 0.320513
3 0.515491 0.688353 0.025374 0.338203
3 0.489450 0.683670 0.026709 0.310107
3 0.460236 0.703442 0.028379 0.341325
2 0.433026 0.735702 0.034054 0.372544
1 0.400975 0.764839 0.035390 0.380869
1 0.370426 0.764319 0.040398 0.344447
0 0.311331 0.756514 0.089810 0.341325
0 0.262253 0.726856 0.068443 0.327797
0 0.208667 0.701361 0.055422 0.289294
1 0.662399 0.312861 0.033999 0.349477
1 0.629123 0.313988 0.038339 0.356241
2 0.595486 0.338790 0.031829 0.302128
3 0.564704 0.345155 0.027644 0.285964
3 0.525841 0.339535 0.039663 0.307193
3 0.485777 0.351399 0.038862 0.278472
3 0.451122 0.350774 0.030449 0.237263
2 0.414663 0.348901 0.034455 0.293457
1 0.386218 0.373876 0.036859 0.295954
1 0.358974 0.390110 0.033654 0.263487
0 0.315104 0.386988 0.054087 0.282218
0 0.263221 0.385739 0.047276 0.292208