0 0.211022 0.416667 0.065860 0.228495
0 0.261089 0.439516 0.058468 0.215054
0 0.318212 0.447581 0.057124 0.217742
0 0.844422 0.442876 0.070565 0.221774
0 0.790995 0.465054 0.052419 0.215054
0 0.732863 0.448925 0.061156 0.247312
0 0.816532 0.686156 0.104839 0.224462
0 0.742944 0.713710 0.089382 0.217742
1 0.676411 0.733871 0.059812 0.239247
1 0.629368 0.727151 0.038306 0.228495
2 0.595094 0.717742 0.028898 0.217742
3 0.559140 0.715054 0.048387 0.193548
3 0.533938 0.715726 0.043683 0.173387
3 0.507056 0.713038 0.032930 0.186828
3 0.481519 0.718414 0.020833 0.184140
2 0.451949 0.717742 0.023522 0.212366
1 0.421371 0.713710 0.030914 0.220430
1 0.375672 0.727823 0.055108 0.235215
0 0.221102 0.643145 0.102151 0.202957
0 0.277890 0.700941 0.109543 0.216398
1 0.368952 0.454301 0.040323 0.212366
1 0.410618 0.467742 0.040323 0.215054
2 0.435148 0.468414 0.035618 0.197581
3 0.466398 0.486559 0.028226 0.193548
3 0.500336 0.489919 0.032930 0.213710
3 0.540995 0.493280 0.041667 0.209677
3 0.574261 0.485887 0.032930 0.211022
2 0.603159 0.465054 0.035618 0.225806
1 0.636425 0.465054 0.041667 0.212366
1 0.679435 0.465726 0.044355 0.211022