0 0.195565 0.487903 0.057796 0.215054
0 0.250000 0.526882 0.059140 0.215054
1 0.302419 0.526210 0.038978 0.200269
1 0.343414 0.523522 0.040323 0.221774
2 0.385753 0.530914 0.044355 0.271505
3 0.436156 0.549059 0.043011 0.229839
3 0.481519 0.552419 0.051747 0.241935
3 0.535954 0.552419 0.053091 0.225806
3 0.588038 0.548387 0.051075 0.231183
2 0.637433 0.518145 0.050403 0.256720
1 0.684140 0.518817 0.048387 0.217742
1 0.727487 0.504704 0.046371 0.232527
0 0.779906 0.517473 0.062500 0.209677
0 0.839718 0.460349 0.065188 0.235215
0 0.837702 0.716398 0.112231 0.231183
0 0.216062 0.746640 0.118952 0.219086
1 0.336694 0.780914 0.048387 0.223118
1 0.380712 0.784946 0.040995 0.204301
2 0.422715 0.790995 0.052419 0.224462
3 0.466734 0.788306 0.030242 0.197581
3 0.500000 0.784946 0.037634 0.177419
3 0.530914 0.772177 0.034946 0.159946
3 0.567876 0.777554 0.041667 0.186828
2 0.611895 0.782930 0.055780 0.219086
1 0.654906 0.775538 0.038306 0.198925
1 0.710685 0.768817 0.067876 0.215054