0 0.226478 0.371640 0.053763 0.209677
0 0.271841 0.387769 0.042339 0.228495
0 0.321237 0.410618 0.044355 0.217742
0 0.214718 0.566532 0.092070 0.174731
0 0.262433 0.620296 0.100134 0.172043
0 0.323589 0.659946 0.092070 0.219086
0 0.704301 0.664651 0.091398 0.220430
0 0.740591 0.434812 0.049731 0.252688
0 0.792675 0.426747 0.046371 0.228495
1 0.361223 0.411962 0.024866 0.233871
1 0.388777 0.412634 0.032930 0.251344
2 0.424395 0.424059 0.032930 0.255376
3 0.453965 0.418011 0.026210 0.264785
3 0.485551 0.422043 0.034274 0.259409
3 0.525202 0.419355 0.035618 0.248656
3 0.555108 0.437500 0.030914 0.217742
2 0.592070 0.448253 0.043011 0.241935
1 0.626344 0.455645 0.024194 0.221774
1 0.651210 0.441532 0.033602 0.225806
0 0.691868 0.409274 0.047715 0.206989
1 0.380712 0.696909 0.036962 0.252688
1 0.412634 0.710349 0.040323 0.263441
2 0.441196 0.696237 0.036962 0.245968
3 0.476142 0.696237 0.024866 0.235215
3 0.499664 0.699597 0.024866 0.231183
3 0.519489 0.696909 0.029570 0.215054
3 0.545363 0.700941 0.031586 0.220430
2 0.573253 0.708333 0.034946 0.240591
1 0.608199 0.712366 0.041667 0.227151
1 0.642473 0.703629 0.040323 0.217742