0 0.216398 0.461694 0.052419 0.209677
0 0.255040 0.493952 0.047715 0.206989
0 0.311156 0.510081 0.055108 0.231183
0 0.823925 0.502688 0.047043 0.202957
0 0.786626 0.515457 0.063844 0.188172
0 0.728831 0.530914 0.059812 0.192204
0 0.786626 0.743952 0.100134 0.209677
0 0.719758 0.771505 0.100806 0.219086
0 0.213710 0.715054 0.087366 0.202957
0 0.269489 0.743952 0.086022 0.209677
0 0.332661 0.771505 0.092742 0.229839
1 0.356519 0.524866 0.039651 0.196237
1 0.394825 0.545027 0.039651 0.190860
2 0.423051 0.561156 0.035618 0.209677
3 0.456653 0.563172 0.026210 0.205645
3 0.488575 0.571909 0.036290 0.188172
3 0.532594 0.573253 0.036962 0.190860
3 0.570228 0.569220 0.031586 0.196237
2 0.607191 0.570565 0.035618 0.206989
1 0.645833 0.563844 0.033602 0.185484
1 0.674731 0.541667 0.034946 0.162634
1 0.380712 0.773522 0.061156 0.212366
1 0.410954 0.792339 0.049059 0.236559
2 0.436828 0.814516 0.056452 0.227151
3 0.476815 0.819892 0.030242 0.213710
3 0.500672 0.824597 0.034946 0.172043
3 0.528226 0.836022 0.022849 0.200269
3 0.554099 0.821909 0.019489 0.190860
3 0.594086 0.828629 0.047043 0.217742
3 0.620632 0.809140 0.035618 0.248656
3 0.660618 0.802419 0.052419 0.251344