0 0.660088 0.632191 0.062100 0.147286
0 0.715333 0.609066 0.071778 0.150844
0 0.753440 0.580961 0.063310 0.145863
0 0.766142 0.410195 0.043550 0.155824
0 0.727027 0.442925 0.041938 0.157247
0 0.691542 0.457511 0.043550 0.156536
0 0.250996 0.424070 0.048793 0.149420
0 0.290716 0.439012 0.047583 0.156536
0 0.335879 0.450396 0.051615 0.167920
0 0.266319 0.587365 0.080246 0.138748
0 0.311684 0.636104 0.084682 0.157959
0 0.374591 0.639662 0.059680 0.153690
1 0.653907 0.460563 0.031532 0.163383
1 0.622875 0.472044 0.033534 0.163383
1 0.619372 0.644700 0.038539 0.137771
1 0.593846 0.657064 0.026527 0.150136
1 0.375623 0.464979 0.033534 0.158084
1 0.404402 0.472485 0.038039 0.169565
1 0.414913 0.660155 0.029030 0.149252
1 0.440439 0.661921 0.024025 0.145720
2 0.595347 0.461004 0.025526 0.190760
2 0.432681 0.464096 0.036537 0.193410
2 0.462462 0.668545 0.025026 0.162500
2 0.576578 0.671194 0.032033 0.162500
3 0.531145 0.486397 0.031761 0.156703
3 0.565682 0.488574 0.026828 0.144733
3 0.492753 0.482044 0.031453 0.164321
3 0.463613 0.484765 0.025594 0.153438
3 0.549338 0.665137 0.023127 0.137659
3 0.527907 0.663777 0.020969 0.118616
3 0.517268 0.645549 0.045946 0.163777
3 0.488436 0.680100 0.017885 0.102292