0 0.165995 0.478495 0.073925 0.194892
0 0.174059 0.693548 0.057796 0.189516
0 0.235887 0.732527 0.075269 0.181452
0 0.296035 0.743280 0.066532 0.200269
0 0.212030 0.510753 0.051747 0.157258
0 0.270497 0.524866 0.061156 0.169355
0 0.864919 0.676747 0.073925 0.180108
0 0.796707 0.725134 0.071909 0.206989
0 0.735887 0.734543 0.072581 0.196237
0 0.870296 0.491935 0.068548 0.151882
0 0.825941 0.508065 0.052419 0.178763
0 0.765121 0.510081 0.059812 0.190860
1 0.357191 0.757392 0.040995 0.231183
1 0.396505 0.755376 0.036290 0.208333
1 0.679772 0.741263 0.046371 0.217742
1 0.639449 0.737903 0.035618 0.197581
1 0.713374 0.506720 0.035618 0.189516
1 0.673051 0.504704 0.039651 0.190860
2 0.633065 0.507392 0.043011 0.196237
3 0.592742 0.489919 0.034946 0.177419
3 0.543683 0.485215 0.045699 0.211022
3 0.489583 0.493280 0.045027 0.205645
3 0.437836 0.494624 0.042339 0.197581
2 0.394825 0.504704 0.046371 0.182796
1 0.360215 0.519489 0.034946 0.188172
1 0.321573 0.509409 0.034274 0.197581
2 0.431452 0.745296 0.034946 0.215054
3 0.467406 0.749328 0.036962 0.206989
3 0.499664 0.737231 0.027554 0.228495
3 0.531586 0.735887 0.026882 0.231183
3 0.565524 0.729839 0.026210 0.194892
2 0.603495 0.760081 0.052419 0.239247