0 0.192204 0.425403 0.053763 0.174731
0 0.174731 0.606183 0.095430 0.165323
0 0.237903 0.663978 0.092742 0.205645
0 0.303427 0.691532 0.078629 0.206989
0 0.230175 0.454301 0.059812 0.181452
0 0.278562 0.466398 0.050403 0.213710
0 0.821909 0.372312 0.053763 0.141129
0 0.871976 0.647177 0.086694 0.169355
0 0.800067 0.674059 0.092070 0.217742
0 0.739247 0.691532 0.069892 0.206989
0 0.792339 0.463710 0.061828 0.189516
0 0.737231 0.468414 0.052419 0.190860
1 0.325605 0.490591 0.034274 0.192204
1 0.363911 0.478495 0.038306 0.200269
2 0.399194 0.482527 0.043011 0.232527
3 0.437836 0.477823 0.030242 0.231183
3 0.479839 0.499328 0.044355 0.206989
3 0.522849 0.495296 0.040323 0.198925
3 0.570228 0.483871 0.035618 0.213710
2 0.606855 0.475806 0.045699 0.227151
1 0.643817 0.469758 0.045699 0.201613
1 0.683468 0.465054 0.044355 0.186828
1 0.361559 0.706989 0.055108 0.208333
1 0.402890 0.720430 0.042339 0.189516
2 0.432124 0.733871 0.036290 0.237903
3 0.467406 0.714382 0.024866 0.185484
3 0.496640 0.715726 0.025538 0.180108
3 0.525202 0.709005 0.027554 0.185484
3 0.557460 0.709677 0.034274 0.186828
2 0.594086 0.723118 0.034946 0.227151
1 0.631048 0.709005 0.033602 0.198925
1 0.674059 0.698925 0.044355 0.211022