0 0.191196 0.485887 0.050403 0.198925
0 0.171707 0.692204 0.098790 0.202957
0 0.245296 0.723790 0.080645 0.223118
0 0.315188 0.730511 0.083333 0.209677
0 0.244288 0.509409 0.050403 0.181452
0 0.304772 0.514785 0.058468 0.181452
0 0.864919 0.690188 0.102151 0.215054
0 0.797379 0.715726 0.081317 0.201613
0 0.735215 0.719086 0.077957 0.208333
1 0.370296 0.723790 0.033602 0.217742
1 0.406586 0.725134 0.036290 0.212366
1 0.343750 0.503360 0.035618 0.198925
1 0.376008 0.496640 0.040995 0.204301
2 0.418011 0.493280 0.032258 0.202957
3 0.457661 0.480511 0.038978 0.209677
3 0.496976 0.486559 0.038306 0.194892
3 0.546035 0.502688 0.039651 0.173387
3 0.589046 0.489919 0.036962 0.196237
2 0.627352 0.498656 0.032930 0.208333
1 0.663978 0.506048 0.032258 0.204301
1 0.698925 0.512769 0.034946 0.201613
0 0.743952 0.512769 0.045699 0.185484
0 0.796707 0.501344 0.053091 0.194892
0 0.846774 0.486559 0.052419 0.186828
2 0.443884 0.719758 0.032930 0.239247
3 0.476478 0.713038 0.029570 0.190860
3 0.509409 0.699597 0.020161 0.172043
3 0.534946 0.705645 0.021505 0.181452
3 0.568884 0.713710 0.028898 0.194892
2 0.596102 0.733199 0.033602 0.263441
1 0.634745 0.727151 0.030242 0.208333
1 0.670699 0.725806 0.033602 0.219086