0 0.285282 0.485215 0.040995 0.205645
0 0.340054 0.498656 0.055108 0.197581
0 0.224462 0.645833 0.094086 0.174731
0 0.282930 0.710349 0.083333 0.198925
0 0.338374 0.750000 0.090726 0.216398
0 0.823589 0.678763 0.089382 0.197581
0 0.760417 0.717742 0.084005 0.189516
0 0.700269 0.758065 0.096774 0.232527
1 0.647513 0.763441 0.063844 0.202957
1 0.608535 0.781586 0.040995 0.198925
2 0.583333 0.777554 0.034946 0.201613
3 0.553427 0.782258 0.019489 0.194892
3 0.530578 0.773522 0.018145 0.174731
3 0.507728 0.772849 0.023522 0.176075
3 0.477823 0.777554 0.024194 0.190860
2 0.455309 0.770161 0.031586 0.213710
1 0.419355 0.784946 0.049731 0.224462
1 0.387433 0.762769 0.057124 0.201613
1 0.383737 0.516129 0.033602 0.200269
1 0.413642 0.524194 0.027554 0.205645
2 0.438844 0.528898 0.033602 0.220430
3 0.464046 0.536290 0.031586 0.227151
3 0.499664 0.548387 0.035618 0.211022
3 0.540659 0.547043 0.034274 0.224462
3 0.572917 0.538978 0.028898 0.221774
2 0.601815 0.534946 0.027554 0.216398
1 0.629368 0.520161 0.026210 0.221774
1 0.654906 0.513441 0.038306 0.216398
0 0.702957 0.508065 0.055108 0.224462
0 0.758737 0.502016 0.051075 0.206989
0 0.804772 0.490591 0.049059 0.213710