0 0.203293 0.479167 0.053091 0.204301
0 0.221102 0.743280 0.086022 0.224462
0 0.287970 0.749328 0.084005 0.209677
0 0.769825 0.480511 0.065188 0.193548
0 0.831317 0.482527 0.051075 0.186828
0 0.808132 0.727823 0.066532 0.215054
0 0.743616 0.731855 0.070565 0.204301
0 0.267809 0.499328 0.063844 0.196237
1 0.318548 0.489919 0.043011 0.212366
1 0.358199 0.479167 0.033602 0.193548
2 0.399866 0.491263 0.047043 0.239247
3 0.443212 0.488575 0.038306 0.236559
3 0.488239 0.495296 0.050403 0.239247
3 0.544691 0.497984 0.055780 0.220430
3 0.592406 0.497984 0.042339 0.196237
2 0.635081 0.483199 0.048387 0.225806
1 0.674731 0.480511 0.037634 0.204301
1 0.717070 0.478495 0.045699 0.216398
1 0.344758 0.772177 0.063172 0.247312
1 0.400202 0.772849 0.042339 0.235215
2 0.438508 0.767473 0.038306 0.256720
3 0.478831 0.748656 0.034274 0.216398
3 0.509409 0.747984 0.026882 0.198925
3 0.539651 0.741263 0.036290 0.198925
3 0.571909 0.747984 0.045699 0.223118
2 0.610551 0.747984 0.047715 0.236559
1 0.644489 0.760081 0.045699 0.252688
1 0.689852 0.764113 0.058468 0.263441