0 0.220766 0.297043 0.054435 0.127688
0 0.259409 0.377016 0.081989 0.231183
0 0.308132 0.452957 0.069220 0.202957
0 0.142473 0.626344 0.061828 0.133065
0 0.207325 0.680108 0.101478 0.237903
0 0.279570 0.706989 0.112903 0.275538
0 0.874328 0.642473 0.060484 0.119624
0 0.812836 0.655914 0.085349 0.229839
0 0.750672 0.704301 0.111559 0.251344
0 0.823589 0.273522 0.066532 0.134409
0 0.791331 0.371640 0.088038 0.204301
0 0.751344 0.454973 0.076613 0.209677
1 0.702621 0.475806 0.047715 0.213710
1 0.660954 0.469086 0.049059 0.232527
2 0.629704 0.483871 0.034946 0.243280
3 0.595430 0.506048 0.038978 0.241935
3 0.561492 0.506048 0.040995 0.268817
3 0.514785 0.491263 0.040323 0.290323
3 0.475470 0.493952 0.038306 0.279570
2 0.437836 0.472446 0.038306 0.274194
1 0.398185 0.474462 0.038306 0.235215
1 0.358535 0.482527 0.031586 0.211022
1 0.337366 0.736559 0.073925 0.216398
1 0.389113 0.765457 0.047043 0.225806
2 0.423723 0.784946 0.049059 0.248656
3 0.465726 0.775538 0.028226 0.208333
3 0.494288 0.765457 0.027554 0.174731
3 0.523185 0.767473 0.027554 0.202957
3 0.555780 0.771505 0.025538 0.208333
2 0.592406 0.772177 0.047715 0.250000
1 0.634745 0.764113 0.055780 0.263441
1 0.680780 0.760081 0.060484 0.247312