0 0.167339 0.425403 0.051075 0.221774
0 0.219758 0.462366 0.059140 0.196237
0 0.278898 0.485887 0.068548 0.197581
0 0.169355 0.644489 0.091398 0.181452
0 0.221774 0.690188 0.108871 0.186828
0 0.832325 0.480511 0.057124 0.211022
0 0.772177 0.497984 0.056452 0.211022
0 0.806452 0.723118 0.098118 0.217742
1 0.329637 0.475134 0.038306 0.205645
1 0.373656 0.487231 0.045699 0.205645
1 0.723118 0.481183 0.034946 0.182796
1 0.685148 0.465726 0.027554 0.146505
1 0.686156 0.733199 0.043011 0.202957
1 0.645497 0.735215 0.040995 0.188172
2 0.412970 0.479839 0.045027 0.225806
2 0.645161 0.488575 0.041667 0.213710
2 0.611223 0.751344 0.058468 0.241935
2 0.428763 0.731855 0.036290 0.235215
1 0.346438 0.743952 0.061156 0.245968
1 0.387769 0.764113 0.030914 0.135753
3 0.452285 0.483199 0.037634 0.192204
3 0.496976 0.493280 0.038306 0.209677
3 0.553427 0.485215 0.047715 0.223118
3 0.604167 0.489247 0.038978 0.198925
3 0.462030 0.717742 0.028898 0.188172
3 0.500672 0.709005 0.032258 0.176075
3 0.533602 0.715726 0.029570 0.192204
3 0.566196 0.734543 0.034274 0.208333