0 0.177083 0.504032 0.053091 0.169355
0 0.231183 0.509409 0.056452 0.188172
0 0.288978 0.504032 0.053763 0.223118
0 0.817876 0.475134 0.060484 0.200269
0 0.756720 0.497312 0.057796 0.190860
1 0.706989 0.487231 0.041667 0.197581
0 0.847446 0.664651 0.091398 0.170699
0 0.793683 0.720430 0.112903 0.206989
0 0.172379 0.702285 0.096102 0.194892
0 0.233535 0.757392 0.090726 0.227151
0 0.314516 0.762769 0.065860 0.227151
1 0.367608 0.763441 0.033602 0.236559
1 0.408602 0.759409 0.037634 0.215054
2 0.447245 0.751344 0.034274 0.244624
3 0.481519 0.743952 0.034274 0.229839
3 0.510417 0.735215 0.032930 0.209677
3 0.542003 0.733871 0.028898 0.215054
3 0.569220 0.727151 0.029570 0.233871
2 0.603831 0.754032 0.043683 0.290323
1 0.648858 0.735215 0.036962 0.241935
1 0.686828 0.750134 0.045699 0.266129
1 0.336694 0.511425 0.043011 0.208333
1 0.376008 0.508737 0.045027 0.181452
2 0.412970 0.495296 0.043683 0.237903
3 0.457661 0.494624 0.038978 0.212366
3 0.497312 0.491935 0.044355 0.212366
3 0.548051 0.489247 0.043683 0.201613
3 0.594422 0.476478 0.034274 0.200269
2 0.631720 0.467070 0.032258 0.213710
1 0.669019 0.482527 0.042339 0.198925