0 0.192876 0.444892 0.065860 0.170699
0 0.239247 0.451613 0.048387 0.192204
0 0.295027 0.452957 0.055108 0.211022
0 0.144489 0.642473 0.090054 0.141129
0 0.218414 0.698925 0.075269 0.189516
0 0.283266 0.709005 0.063844 0.206989
0 0.749328 0.723790 0.072581 0.223118
0 0.819892 0.725134 0.094086 0.225806
0 0.840390 0.462366 0.065188 0.186828
0 0.798723 0.473790 0.047715 0.190860
0 0.737231 0.468414 0.059140 0.193548
1 0.686828 0.473118 0.045699 0.189516
1 0.645833 0.483871 0.041667 0.173387
1 0.695565 0.741935 0.036290 0.168011
1 0.648185 0.731855 0.038306 0.204301
1 0.337030 0.747312 0.028898 0.143817
1 0.381720 0.726478 0.043011 0.206989
2 0.426411 0.728495 0.038306 0.235215
3 0.463710 0.720430 0.034946 0.221774
3 0.501344 0.715054 0.033602 0.197581
3 0.533602 0.712366 0.021505 0.192204
3 0.563844 0.709677 0.034946 0.197581
2 0.611895 0.734543 0.045027 0.223118
1 0.344758 0.464382 0.036290 0.185484
1 0.383401 0.462366 0.045027 0.194892
2 0.421371 0.459005 0.045699 0.225806
3 0.460685 0.476478 0.038306 0.198925
3 0.498992 0.475134 0.039651 0.204301
3 0.539987 0.467070 0.043683 0.217742
3 0.580309 0.477151 0.035618 0.202957
3 0.607527 0.479167 0.043011 0.196237