0 0.259409 0.483871 0.064516 0.194892
0 0.229839 0.651210 0.092742 0.147849
0 0.284946 0.702285 0.095430 0.193548
0 0.716734 0.485887 0.066532 0.217742
0 0.799731 0.642473 0.110215 0.173387
1 0.375336 0.736559 0.040995 0.254032
1 0.409274 0.734543 0.034946 0.233871
2 0.439852 0.743280 0.032930 0.237903
3 0.471774 0.726478 0.034946 0.236559
3 0.495632 0.723790 0.028898 0.225806
3 0.519153 0.725806 0.022177 0.213710
3 0.550403 0.722446 0.024194 0.225806
2 0.581653 0.728495 0.032930 0.256720
1 0.615255 0.727823 0.040995 0.252688
1 0.657930 0.725806 0.047043 0.232527
3 0.451949 0.477823 0.028898 0.217742
3 0.483199 0.469086 0.037634 0.251344
3 0.525538 0.469758 0.041667 0.231183
3 0.562836 0.477823 0.034274 0.220430
2 0.593078 0.461694 0.040995 0.258065
2 0.417003 0.489247 0.035618 0.227151