1 0.290659 0.447581 0.071909 0.219086
1 0.376680 0.434140 0.043683 0.232527
2 0.446909 0.430780 0.029570 0.241935
3 0.478831 0.438172 0.027554 0.235215
3 0.516801 0.447581 0.037634 0.197581
3 0.555780 0.441532 0.033602 0.233871
3 0.590054 0.470430 0.021505 0.205645
2 0.626680 0.454301 0.038306 0.229839
1 0.656586 0.465726 0.037634 0.204301
1 0.693548 0.456989 0.044355 0.208333
0 0.785282 0.467742 0.069220 0.173387
0 0.705309 0.702285 0.073253 0.228495
1 0.654906 0.715726 0.043683 0.220430
1 0.620968 0.727823 0.029570 0.239247
2 0.589718 0.719758 0.030242 0.263441
3 0.558468 0.700941 0.025538 0.231183
3 0.534274 0.688172 0.020161 0.208333
3 0.511761 0.680780 0.023522 0.223118
3 0.488575 0.678091 0.026882 0.215054
2 0.459341 0.709677 0.026210 0.264785
1 0.424395 0.690188 0.035618 0.225806